0
12
25
43
44
47
58
79
87
92
99
105
110
127
129
137
146
150
151
153
156
161
164
166
168
175
183
189
193
199
210
211
221
224
225
235
238
240
243
254
262
275
288
290
301
302
304
307
313
322
334
335
343
346
347
356
359
372
374
377
392
397
404
407
408
409
414
415
417
425
434
452
465
469
489
504
511
514
526
527
542
546
547
548
555
557
561
564
566
568
569
592
599
608
614
615
620
625
643
648
650
656
662
667
677
680
682
688
701
704
708
721
723
731
752
762
773
776
794
800
810
816
826
832
833
840
844
848
851
857
858
862
864
866
870
874
876
889
890
893
897
907
910
913
919
930
934
937
950
957
976
984
987
992
995
997
1000
1014
1016
1018
1021
1032
1034
1035
1037
1043
1060
1068
1071
1099
1102
1108
1120
1126
1136
1149
1159
1169
1173
1174
1179
1190
1193
1197
1201
1208
1215
1218
1231
1235
1245
1252
1259
1266
1272
1273
1280
1282
1290
1293
1303
1311
1313
1314
1317
1318
1322
1342
1347
1359
1366
1377
1378
1395
1414
1421
1427
1434
1443
1446
1448
1468
1473
1483
1498
1507
1520
1527
1539
1541
1550
1551
1564
1568
1586
1590
1604
1615
1624
1627
1632
1667
1674
1694
1695
1696
1702
1703
1705
1709
1711
1712
1718
1720
1730
1731
1734
1740
1744
1753
1761
1766
1767
1770
1776
1777
1783
1785
1786
1792
1793
1803
1804
1807
1811
1821
1832
1835
1866
1876
1879
1880
1881
1908
1925
1927
1950
1951
1956
1959
1961
1978
1985
1992
1998
2001
2003
2006
2008
2017
2027
2033
2037
2043
2046
2047
2049
2056
2060
2065
2066
2076
2090
2093
2095
2103
2107
2116
2124
2125
2130
2136
2143
2147
2152
2153
2155
2156
2159
2161
2162
2164
2165
2174
2185
2187
2189
2196
2207
2224
2232
2236
2238
2241
2242
2247
2258
2260
2261
2264
2265
2266
2272
2291
2295
2298
2300
2311
2324
2325
2335
2336
2366
2368
2382
2387
2393
2398
2399
2402
2404
2406
2410
2412
2422
2425
2450
2451
2454
2457
2458
2472
2474
2475
2504
2505
2506
2519
2521
2524
2529
2533
2541
2545
2547
2550
2552
2553
2555
2556
2561
2567
2570
2574
2578
2583
2593
2595
2596
2597
2607
2611
2627
2629
2631
2633
2635
2637
2638
2644
2646
2652
2660
2671
2679
2682
2684
2685
2686
2688
2689
2693
2696
2699
2701
2730
2738
2746
2752
2755
2758
2762
2772
2792
2799
2809
2810
2816
2818
2823
2830
2838
2840
2841
2848
2871
2878
2881
2892
2895
2896
2904
2907
2916
2921
2929
2935
2938
2960
2970
2972
2974
2978
2985
2987
2993
2996
2997
3003
3022
3024
3034
3043
3045
3049
3059
3066
3075
3094
3097
3112
3116
3119
3122
3132
3138
3153
3156
3166
3169
3184
3187
3190
3192
3204
3205
3207
3215
3224
3235
3238
3239
3240
3241
3242
3261
3281
3286
3305
3313
3315
3323
3324
3328
3334
3335
3341
3350
3352
3359
3364
3377
3381
3383
3386
3388
3389
3395
3400
3401
3402
3403
3411
3413
3414
3416
3424
3437
3449
3455
3462
3467
3469
3488
3497
3511
3515
3524
3531
3533
3541
3542
3543
3545
3546
3566
3568
3577
3578
3618
3628
3640
3642
3651
3653
3659
3677
3678
3680
3684
3688
3692
3693
3699
3702
3720
3722
3726
3727
3734
3735
3745
3749
3760
3776
3785
3793
3795
3799
3802
3804
3812
3836
3846
3852
3860
3874
3888
3892
3894
3896
3907
3929
3935
3936
3937
3940
3950
3953
3962
3970
3977
3983
3987
3989
3991
3992
3996
4000
4001
4008
4015
4027
4032
4041
4042
4045
4046
4059
4064
4067
4085
4087
4090
4097
4111
4119
4130
4137
4139
4140
4141
4143
4152
4164
4166
4184
4191
4192
4199
4213
4220
4225
4230
4233
4238
4245
4252
4254
4262
4277
4278
4282
4285
4287
4288
4293
4294
4299
4301
4304
4313
4315
4325
4326
4352
4355
4376
4384
4387
4397
4400
4406
4409
4426
4459
4468
4469
4472
4474
4476
4481
4483
4488
4489
4493
4506
4511
4517
4519
4524
4528
4538
4539
4543
4554
4560
4573
4580
4581
4590
4596
4602
4614
4615
4617
4618
4623
4629
4638
4649
4654
4657
4663
4672
4676
4680
4686
4693
4694
4697
4710
4712
4715
4722
4725
4727
4729
4738
4750
4768
4774
4794
4796
4797
4813
4814
4815
4831
4842
4844
4847
4861
4862
4866
4870
4871
4872
4880
4881
4884
4885
4893
4895
4902
4912
4925
4932
4938
4954
4956
4960
4962
4963
4964
4971
4985
4986
4990
5013
5015
5042
5052
5058
5059
5061
5064
5065
5077
5082
5083
5101
5109
5121
5122
5123
5124
5135
5136
5151
5163
5166
5169
5173
5176
5177
5181
5183
5189
5211
5213
5219
5228
5231
5250
5253
5260
5261
5266
5279
5281
5282
5286
5295
5296
5300
5301
5303
5306
5308
5309
5310
5323
5338
5344
5356
5364
5371
5381
5404
5408
5411
5415
5417
5425
5433
5435
5454
5469
5483
5486
5488
5490
5494
5510
5513
5523
5526
5537
5544
5546
5559
5563
5569
5570
5573
5577
5581
5583
5594
5598
5600
5602
5603
5606
5628
5629
5635
5637
5640
5642
5655
5656
5660
5681
5692
5699
5703
5710
5711
5725
5729
5738
5741
5764
5766
5777
5778
5803
5804
5813
5826
5829
5850
5857
5863
5869
5873
5899
5900
5905
5914
5918
5937
5940
5950
5982
6000
6002
6008
6019
6023
6029
6031
6036
6038
6046
6050
6051
6057
6069
6076
6078
6085
6089
6092
6098
6111
6120
6122
6133
6137
6145
6158
6163
6179
6186
6187
6191
6192
6196
6199
6200
6210
6214
6217
6226
6234
6235
6241
6245
6251
6256
6262
6279
6283
6284
6288
6291
6292
6307
6309
6311
6312
6314
6320
6326
6361
6368
6400
6401
6404
6408
6415
6416
6417
6422
6428
6429
6435
6437
6444
6449
6451
6465
6466
6474
6476
6486
6488
6566
6568
6589
6590
6593
6603
6609
6616
6623
6625
6636
6642
6648
6656
6664
6665
6669
6678
6688
6698
6701
6704
6705
6710
6711
6720
6724
6738
6745
6752
6776
6782
6789
6799
6803
6809
6814
6824
6832
6835
6838
6840
6843
6844
6854
6858
6870
6873
6875
6880
6902
6908
6911
6915
6920
6925
6929
6930
6932
6938
6940
6941
6947
6954
6956
6961
6962
6963
6964
6966
6971
6974
6987
6989
6996
7002
7003
7008
7010
7011
7026
7034
7036
7045
7047
7049
7050
7055
7059
7060
7061
7065
7066
7071
7075
7083
7086
7089
7093
7096
7106
7112
7114
7118
7133
7137
7140
7141
7142
7151
7156
7157
7158
7162
7167
7173
7179
7181
7186
7199
7202
7207
7209
7212
7213
7214
7216
7225
7227
7234
7241
7246
7247
7248
7250
7252
7257
7263
7271
7273
7274
7275
7277
7278
7280
7281
7282
7295
7297
7301
7303
7304
7305
7306
7313
7315
7317
7318
7320
7323
7326
7327
7329
7331
7334
7345
7346
7351
7353
7354
7361
7363
7366
7367
7369
7374
7375
7379
7380
7385
7387
7399
7401
7406
7415
7422
7426
7428
7429
7433
7436
7443
7453
7455
7458
7460
7461
7463
7465
7466
7473
7475
7478
7479
7480
7481
7485
7486
7488
7501
7505
7508
7509
7511
7512
7519
7522
7528
7541
7545
7546
7550
7557
7559
7560
7561
7572
7581
7588
7589
7592
7593
7599
7602
7607
7610
7611
7612
7613
7615
7620
7626
7628
7632
7636
7640
7644
7646
7648
7651
7658
7663
7667
7674
7679
7685
7688
7691
7698
7700
7706
7710
7717
7721
7722
7723
7724
7726
7730
7734
7740
7742
7745
7748
7755
7760
7767
7773
7778
7780
7783
7784
7785
7793
7799
7807
7809
7816
7819
7828
7829
7830
7835
7836
7843
7846
7850
7857
7858
7861
7863
7867
7872
7885
7886
7887
7892
7894
7902
7903
7904
7906
7908
7909
7915
7922
7923
7925
7933
7936
7939
7940
7945
7946
7949
7953
7955
7956
7962
7970
7972
7975
7977
7979
7982
7985
7986
7988
7997
8004
8006
8014
8017
8018
8023
8032
8034
8039
8041
8045
8048
8050
8052
8062
8065
8068
8069
8077
8080
8081
8086
8092
8100
8105
8110
8111
8116
8120
8121
8122
8128
8131
8132
8139
8140
8142
8143
8144
8145
8146
8153
8154
8155
8156
8162
8166
8168
8171
8172
8175
8177
8186
8188
8194
8208
8214
8216
8223
8224
8226
8227
8229
8234
8236
8242
8243
8247
8249
8250
8256
8263
8271
8273
8275
8290
8303
8304
8307
8310
8313
8319
8323
8324
8330
8333
8335
8337
8338
8349
8352
8357
8363
8367
8368
8370
8372
8374
8375
8384
8389
8391
8393
8394
8396
8404
8405
8408
8409
8417
8426
8427
8429
8431
8436
8446
8447
8452
8455
8463
8465
8474
8479
8481
8483
8486
8488
8489
8490
8491
8492
8494
8495
8498
8507
8508
8515
8516
8520
8522
8524
8529
8531
8532
8533
8537
8539
8541
8542
8545
8546
8550
8554
8558
8563
8569
8576
8580
8584
8592
8604
8607
8609
8620
8621
8623
8626
8628
8629
8633
8634
8640
8642
8643
8646
8650
8651
8653
8664
8672
8678
8682
8684
8686
8694
8700
8711
8717
8723
8729
8730
8731
8732
8745
8754
8756
8757
8763
8769
8774
8782
8786
8792
8796
8797
8799
8804
8810
8820
8821
8823
8824
8826
8834
8841
8843
8849
8851
8855
8856
8865
8873
8875
8877
8887
8888
8897
8900
8901
8908
8913
8915
8918
8921
8922
8925
8931
8932
8933
8935
8937
8941
8944
8947
8953
8957
8958
8960
8962
8970
8973
8976
8979
8983
9017
9018
9020
9021
9030
9031
9039
9041
9043
9045
9049
9058
9061
9070
9074
9075
9078
9079
9082
9085
9086
9088
9093
9096
9097
9098
9107
9114
9119
9121
9131
9136
9143
9146
9147
9149
9153
9155
9157
9159
9163
9167
9169
9177
9182
9185
9191
9192
9195
9200
9202
9203
9205
9213
9214
9217
9222
9224
9229
9230
9231
9233
9241
9245
9253
9254
9256
9263
9272
9284
9286
9288
9291
9293
9303
9311
9318
9329
9331
9335
9337
9340
9343
9344
9353
9354
9365
9385
9388
9390
9394
9398
9399
9400
9402
9403
9413
9415
9418
9423
9424
9430
9435
9437
9439
9445
9447
9448
9456
9457
9462
9469
9477
9478
9488
9505
9507
9514
9515
9520
9523
9526
9527
9528
9532
9533
9535
9536
9540
9541
9547
9548
9549
9552
9556
9561
9567
9572
9577
9588
9590
9593
9596
9597
9599
9603
9605
9608
9609
9611
9620
9623
9624
9626
9628
9629
9633
9636
9640
9641
9649
9650
9656
9659
9660
9663
9668
9671
9677
9680
9684
9695
9697
9698
9699
9703
9717
9726
9738
9741
9744
9745
9747
9748
9749
9755
9756
9760
9764
9768
9771
9773
9779
9781
9785
9786
9789
9798
9799
9801
9811
9812
9816
9820
9828
9831
9833
9837
9840
9847
9854
9855
9859
9866
9868
9871
9873
9874
9875
9885
9887
9888
9891
9892
9904
9911
9914
9916
9922
9924
9926
9927
9930
9932
9934
9935
9937
9942
9943
9944
9947
9949
9954
9956